Parameter: [4.25962e+01 2.47880e+00 1.23940e+00 1.20000e-03 4.00000e-04 2.00000e-04
 9.91000e-02 1.00000e-02 5.00000e-03 1.14400e-01 1.04000e-02 5.20000e-03
 1.00000e+00]
M       U       Mid     Sorta   Cost
0.745707724361645       0.07727065629642091     0.16932236512390786     0.007699254221844305    0.8122170445482805
0.746283687211256       0.07601768497115334     0.16999252310001955     0.007706104723026536    0.8151099157979016
0.7460050832452751      0.07695158067134376     0.1693417127803632      0.007701623312510576    0.8129875264509908
0.7446131510661015      0.07843041758711361     0.16927337661944372     0.007683054726641206    0.809413691876718
0.7457769389860542      0.07732131156580897     0.16920552089002874     0.007696228556872082    0.8121213074770421
0.7461974727834009      0.077204862987128       0.16889120065245652     0.00770646358128675     0.812473539038772
0.7448238248695588      0.07725277474796666     0.17022468287186998     0.007698717509915635    0.8120545584586428
0.7452736423332683      0.07697983904731641     0.17004602379781483     0.007700494821341864    0.8127588613718842
0.7465328134544615      0.0762174658298967      0.16954124944286422     0.007708471271622696    0.8147251535515929
0.7438842625742593      0.07821809847728176     0.1702071554590374      0.007690483488497068    0.8097120208309974

Parameter: [4.33877e+01 2.65900e+00 1.32950e+00 8.00000e-04 4.00000e-04 2.00000e-04
 9.87000e-02 9.80000e-03 4.90000e-03 1.12000e-01 1.04000e-02 5.20000e-03
 1.00000e+00]
M       U       Mid     Sorta   Cost
0.7561421131687363      0.0910220360913084      0.1457863080385394      0.007049542703841769    0.7851135788245723
0.7539654673304858      0.09327476646856656     0.14572782612821733     0.0070319400746448185   0.7798150683889986
0.7522208647676324      0.0951878405001539      0.14557178952756988     0.007019505209719222    0.7753437275108614
0.7544752277101988      0.0924889767132959      0.14600465119536213     0.00703114437753729     0.7815988533393791
0.7525176733930506      0.09560537141749795     0.14486316071496635     0.007013794477760565    0.7745483464870265
0.7524169100769517      0.09506265087360062     0.1455019161826871      0.007018522872703153    0.7756579503416549
0.7513880579776332      0.09588294866813869     0.14571838727735004     0.007010606080544526    0.7736663997326523
0.7545941964453762      0.09275296901008966     0.14561898013942923     0.007033854409600853    0.7810744573383139
0.7530587503945211      0.09417106553437334     0.14574845372252943     0.007021730348681546    0.7776965263406714
0.7560478802020616      0.09142713226969704     0.14547736927964774     0.007047618249182851    0.7842363941727574

Parameter: [4.36499e+01 2.79420e+00 1.39710e+00 1.40000e-03 4.00000e-04 2.00000e-04
 1.02200e-01 1.00000e-02 5.00000e-03 1.10800e-01 1.04000e-02 5.20000e-03
 1.00000e+00]
M       U       Mid     Sorta   Cost
0.8421877995239624      0.0173916228356334      0.13316149184413345     0.007259085800900039    0.9595345761351699
0.8421404034353797      0.017493775463400994    0.13310906959850907     0.007256751511018429    0.9592994883339536
0.8417004680210479      0.017327504614950796    0.13370755184588082     0.0072644755201933435   0.9596578803789592
0.842010292801054       0.017621845902251798    0.13311352789185088     0.007254333407336334    0.9590014260545607
0.8429462638714265      0.0171158288735294      0.13267618977324172     0.007261717477280859    0.9601986204998226
0.8424370339772985      0.017191562598527606    0.13311548806133544     0.007255915366443312    0.9600023483001681
0.842640150524247       0.0167770177742753      0.13331958181515957     0.00726324989132444     0.9609572198621759
0.8417105028613263      0.018076558884659488    0.1329636288182686      0.007249309440576395    0.957951079542995
0.8429588395737924      0.01687760552818225     0.1329008174580284      0.007262737441334113    0.9607422885495842
0.8412290728394133      0.0178351090317242      0.13367918777168025     0.007256630355519333    0.9584778194502828

Parameter: [5.21291e+01 2.86620e+00 1.43310e+00 4.00000e-04 4.00000e-04 2.00000e-04
 9.94000e-02 9.80000e-03 4.90000e-03 1.14500e-01 1.04000e-02 5.20000e-03
 1.00000e+00]
M       U       Mid     Sorta   Cost
0.829550068148228       0.042627815822992306    0.12121104324095847     0.006611072785796299    0.9022497208278237
0.8322752734204641      0.03979125785911855     0.1213002219428304      0.006633246779539654    0.9087426098081466
0.8295280572393517      0.04248585140455089     0.1213689015930836      0.006617189763984356    0.9025569409308574
0.8317271449849755      0.040072385089417614    0.12156813291355667     0.006632337011777233    0.9080697254195628
0.8319698087300866      0.03993008952596789     0.12147018745561736     0.006629914291631925    0.9084067113533681
0.8304753750947119      0.04156674242402885     0.12133966466863012     0.006618217816921312    0.90466803933209
0.8302638837531213      0.04192598971211094     0.12119026866428133     0.006619857871489306    0.9038604070337622
0.8319276268206085      0.04049591242467036     0.12095265896678288     0.006623801790425922    0.9071645580317497
0.8312106167086847      0.04083923578595857     0.1213246404943591      0.006625507016448557    0.9063373827330371
0.832479045311941       0.03971544896589115     0.12116929309489177     0.006636212629884997    0.908929833365263

Parameter: [6.4660e-01 1.1558e+00 5.7790e-01 2.3000e-03 6.0000e-04 3.0000e-04
 6.5600e-02 5.4000e-03 2.7000e-03 9.6700e-02 1.4000e-03 7.0000e-04
 1.0000e+00]
M       U       Mid     Sorta   Cost
0.0491616615481603      0.9303603438355442      0.019122014805846698    0.0013559798162166151   0.8996211187130965
0.04945907900480688     0.9300331543671905      0.019144724668037377    0.0013630419660576065   0.8990107786060965
0.04984550365882812     0.9294176380956384      0.019362796403268576    0.0013740618493537117   0.8981979377483279
0.04943648573213588     0.9299975088595823      0.019202646755191854    0.0013633586555273915   0.8990509089839306
0.04902594103459572     0.93059764409829        0.019025384566960103    0.001351030308060609    0.8999086143318092
0.04939940585042229     0.9300802183103619      0.0191590996873671      0.0013612761547936092   0.8991313251814758
0.04891831732767817     0.930702660178698       0.01903058393325687     0.0013484385648306165   0.9001280730998643
0.049314198429759926    0.9301694875106108      0.019157174769145174    0.0013591392953087957   0.8993057278286061
0.04895574241763806     0.9306551849183947      0.01903918954808643     0.0013498831203947062   0.9000506404093125
0.049316972032043827    0.9301757582016169      0.01914788639049679     0.0013593833803240468   0.8993009942600001

Parameter: [4.8790e-01 3.8514e+00 1.9257e+00 9.0000e-04 4.0000e-04 2.0000e-04
 8.5300e-02 2.6000e-03 1.3000e-03 2.5620e-01 5.6000e-03 2.8000e-03
 1.0000e+00]
M       U       Mid     Sorta   Cost
0.35076530297972414     0.6122400222387218      0.0346756000904565      0.002319074697407917    0.27151949466082687
0.33128302416349575     0.6336358509293271      0.03289001375998029     0.002191111155468352    0.31334533355122285
0.33932994772358227     0.6249052640535704      0.03352008798047884     0.002244700250319298    0.2961676910799108
0.34128084980575        0.6225415838837275      0.03391923886260977     0.0022583274522489077   0.29181799909068473
0.3367343230803078      0.6276816164898572      0.03335701257789854     0.0022270478581071585   0.3016823773560016
0.34121085019593156     0.6227777553560936      0.03375428813259438     0.0022571063192090477   0.29208530426448726
0.3273534185402038      0.6380218482196666      0.0324582368284992      0.0021664964153921364   0.3218110514910666
0.3453691743759913      0.6182133676648178      0.03413388625009559     0.002283571716016262    0.2831560155821827
0.350289695685796       0.6127752367534804      0.03461868611356361     0.0023163814549359415   0.27255227786443653
0.32884947836091133     0.6364336125405177      0.032541872078569       0.0021750370270778654   0.3186465577599304

Parameter: [4.1550e-01 1.3564e+00 6.7820e-01 6.7000e-03 1.0000e-03 5.0000e-04
 1.2690e-01 1.8000e-03 9.0000e-04 1.0900e-02 1.0200e-02 5.1000e-03
 1.0000e+00]
M       U       Mid     Sorta   Cost
0.8237962219416263      0.06251591604751837     0.09799052522310196     0.015697336787253355    0.8589302495859894
0.8246395535735614      0.061358393042525515    0.09828437378594984     0.015717679598768467    0.8614931484280001
0.8235906488056438      0.06255343546950175     0.0981575352496491      0.01569838047942127     0.8588188160830083
0.8227280237883721      0.06375205532660552     0.09784796037492677     0.015671960511796278    0.8561681038783121
0.8231933230352978      0.06302486979813131     0.0980982796540734      0.01568352751415466     0.8577666982966637
0.8249032272814384      0.061161547571878076    0.09821880789853593     0.015716417250787627    0.8619479087586953
0.8231741841391639      0.06332962871310367     0.09781339240191401     0.015682794745007205    0.8571249716132754
0.824358454547859       0.06193463245625242     0.09799969272255965     0.015707220271463863    0.860238935935726
0.8239679067893856      0.06256384775499792     0.09778043031038366     0.01568781514393072     0.8588570630791417
0.824224885212589       0.062089822451702935    0.09798709979741776     0.015698192540416187    0.8598921536226598

Parameter: [8.1734e+00 4.0242e+00 2.0121e+00 3.9000e-03 4.0000e-04 2.0000e-04
 1.7010e-01 9.4000e-03 4.7000e-03 3.4970e-01 1.3200e-02 6.6000e-03
 1.0000e+00]
M       U       Mid     Sorta   Cost
0.3863209637590519      0.5454250345156707      0.06527469452818767     0.002979307197207756    0.1707590599275184
0.38727957704109356     0.5446534925616027      0.06508314818262101     0.002983782218184544    0.16886825959250606
0.39331133328438406     0.537125039403542       0.06652800568722453     0.0030356216306476574   0.154565868597437
0.39224677781221523     0.5387401516201773      0.06598925002746424     0.003023820546432844    0.15735277174866105
0.39104817774743306     0.5400899267476582      0.06584663739773496     0.003015258108422749    0.16006406383835284
0.38345571383272087     0.5490398744381574      0.06454992772164699     0.002954484010617351    0.17757098552335068
0.38719523021606556     0.5441668637475311      0.06565051108958758     0.0029873949495452454   0.16853985635537466
0.38955809454286455     0.5416819648692681      0.06575436087269752     0.0030055797150306605   0.16335623536474084
0.38933317367364256     0.5417367899511122      0.06592538597060892     0.003004650400968705    0.16368653509575806
0.38966396501217115     0.5415458207112556      0.06578503277755203     0.0030051814999556307   0.16310165338425037

Parameter: [1.86735e+01 7.49400e-01 3.74700e-01 6.00000e-04 8.00000e-04 4.00000e-04
 2.46100e-01 2.80000e-03 1.40000e-03 2.82800e-01 6.00000e-03 3.00000e-03
 1.00000e+00]
M       U       Mid     Sorta   Cost
0.18961048804848285     0.5878946940085985      0.21331722938084113     0.009177588562740162    inf
0.18869918196464425     0.5900970370627587      0.2120688211405742      0.009134959834394918    inf
0.18918822157420995     0.5890711614996422      0.21258016535101196     0.009160451572085306    inf
0.18914111994882327     0.5888354338477548      0.2128567880159048      0.009166658186665493    inf
0.1897967453824063      0.5874169579075469      0.21359311918440582     0.009193177522707326    inf
0.1891299637052976      0.5890331791183503      0.2126777557253012      0.0091591014554225      inf
0.18827607989788533     0.5902679611433096      0.21233707062250545     0.009118888334748299    inf
0.18851802769888784     0.5899976201547922      0.21235009666475008     0.009134255477373806    inf
0.18814244234506114     0.5909589209243737      0.21178686783865341     0.009111768888517396    inf
0.18932530578754772     0.5886983107429873      0.21281057937271747     0.009165804094649163    inf

Parameter: [1.23544e+01 2.71360e+00 1.35680e+00 3.30000e-03 4.00000e-04 2.00000e-04
 1.20200e-01 8.40000e-03 4.20000e-03 1.39600e-01 8.60000e-03 4.30000e-03
 1.00000e+00]
M       U       Mid     Sorta   Cost
0.7135020183801817      0.12337675361264835     0.15534343961215666     0.007777788396216224    0.7051502374260119
0.7143003400001142      0.12215055077941621     0.15575803543827121     0.007791073783034642    0.7079313271683458
0.714879028229447       0.121579865972347       0.15575865880206013     0.00778244699716794     0.7092986473929079
0.7144609442474791      0.1224477111214281      0.15529575947018387     0.007795585156225989    0.7073809421472564
0.7126941150524325      0.12427393079950816     0.15526208669056288     0.007769867459184909    0.7030378126968729
0.7163881909252199      0.12002770986960656     0.1557700808578389      0.007814018343200403    0.7129951504854295
0.7124549222712419      0.12426394493977506     0.15551358076699046     0.007767552023817112    0.7029732451140336
0.7151937540821827      0.12157113766743839     0.15543647937120886     0.0077986288811890585   0.709425816340738
0.7146234564779983      0.12222231759817209     0.15536215437350656     0.007792071546184971    0.7078976284893153
0.7133949225960659      0.1236637435784236      0.15516702833504922     0.007774305486008471    0.7045278937410937

Parameter: [1.08903e+01 8.13600e-01 4.06800e-01 4.10000e-03 1.20000e-03 6.00000e-04
 1.26900e-01 9.40000e-03 4.70000e-03 1.78100e-01 9.40000e-03 4.70000e-03
 1.00000e+00]
M       U       Mid     Sorta   Cost
0.47680581496698377     0.3364892167057952      0.16921460457306492     0.01749036375327938     0.1725285324473045
0.47547992217209933     0.3384258243036874      0.1686543490893452      0.01743990443752367     0.1683906256490465
0.47789480599675505     0.33523717309983403     0.16935060136152597     0.017517419534466897    0.1754421626061459
0.4761165876087033      0.33751104193863335     0.16892052200688867     0.017451848445602054    0.17035501332124553
0.4768369556401403      0.33632990481178365     0.1693429145551585      0.017490224989022207    0.1727899372956108
0.475604860406315       0.337988289467372       0.16896101506599995     0.017445835064540692    0.16914666865165764
0.47783093583169156     0.3353385628946286      0.16930981190369881     0.017520689370484736    0.17523083829416986
0.4754259493864506      0.3380471482403543      0.1690799463733704      0.01744695600085793     0.16887934161176307
0.4734223131359404      0.34075826653954994     0.16845321198740446     0.017366208338150946    0.1629417968299694
0.47466068890604707     0.3392345211179625      0.16869948161797682     0.017405308354663473    0.16639263399042437

Parameter: [2.62173e+01 9.42900e+00 4.71450e+00 1.20000e-03 2.00000e-04 1.00000e-04
 1.50400e-01 8.40000e-03 4.20000e-03 2.02500e-01 8.60000e-03 4.30000e-03
 1.00000e+00]
M       U       Mid     Sorta   Cost
0.9380135063936547      0.001954889662440075    0.05766027284623265     0.002371331103293554    0.9958405204459163
0.9385899865686523      0.0017884119121158357   0.05724984348325242     0.002371758044558868    0.9961963994175002
0.9383550596104292      0.0015672914429712473   0.05770686948280774     0.002370779468804516    0.9966650618719413
0.9385695543474964      0.0018213676045996919   0.05723798603396387     0.0023710920203534025   0.9961263607249231
0.9376971240276858      0.002082313148640376    0.05785014609434379     0.002370416733812281    0.9955685066808933
0.9388343508035516      0.0016988901211470206   0.05709553589562907     0.002371223185387245    0.9963873895207006
0.9379877961303855      0.001973064649426693    0.057667828974955336    0.0023713102507287435   0.9958018153058207
0.937975869470813       0.0018468819941927243   0.05780554475672362     0.0023717037837606993   0.9960697227401364
0.9384360604661419      0.001648878143699569    0.05754342529927616     0.002371636093591637    0.9964920656081613
0.9381999303899737      0.0016990610628910383   0.0577302177869115      0.0023707907575661363   0.9963845879645754

Parameter: [3.0275e+00 1.7438e+00 8.7190e-01 3.5000e-03 1.4000e-03 7.0000e-04
 2.1840e-01 8.4000e-03 4.2000e-03 1.1830e-01 1.1000e-02 5.5000e-03
 1.0000e+00]
M       U       Mid     Sorta   Cost
0.9180476081884663      0.025269755159459527    0.04438920631400327     0.012293430337572776    0.9464236403541335
0.9190026719835329      0.02428965297899707     0.04440293772699352     0.012304737314145676    0.9485002637332771
0.9175083005236357      0.025822739576229763    0.044382193260833376    0.01228676663869356     0.9452520091494159
0.9210383220740902      0.02238143883641912     0.04425222739394766     0.012328011696632502    0.9525525333181099
0.9189367286164078      0.024305951568200427    0.044451470867568545    0.012305848946907531    0.9484629945637247
0.918137754722653       0.025169046331087713    0.044405045276427246    0.012288153669247617    0.9466365634108179
0.9183487132913656      0.025014094864076082    0.044335995972692346    0.01230119587315353     0.946968240325297
0.9192656733787969      0.024079712932123295    0.04434139776310015     0.012313215928165339    0.9489482573794307
0.9175546695106757      0.02584904696214766     0.04430803440765435     0.012288249123099504    0.9452004555191038
0.9182564720551457      0.025214833667326724    0.04423685933389594     0.012291834943661293    0.94654880648857

Parameter: [7.144e-01 3.076e-01 1.538e-01 2.280e-02 1.600e-03 8.000e-04 1.139e-01
 4.200e-03 2.100e-03 6.900e-02 4.800e-03 2.400e-03 1.000e+00]
M       U       Mid     Sorta   Cost
0.1555937443568675      0.6123157450519096      0.21167027236637612     0.02042023822651826     inf
0.1556662765539805      0.6125131980026653      0.2113861926970194      0.02043433274671587     inf
0.1557903246935687      0.6124708479595282      0.211303598725362       0.02043522862356505     inf
0.15618296103415052     0.6116648213820425      0.2116652378908919      0.020486979685138157    inf
0.15549472637113246     0.6128630274194488      0.21122772259536932     0.020414523619744086    inf
0.15570785007993174     0.6126241858884675      0.21124762846629455     0.020420335567929604    inf
0.1555435665960078      0.6125237746909469      0.2115090689791694      0.02042358973382341     inf
0.15586616205335624     0.6121304958747611      0.21154129375757857     0.020462048315742       inf
0.15566207446694916     0.6126546780490314      0.21126148314027365     0.020421764348469755    inf
0.1553914538682766      0.612924442554645       0.21128140288463518     0.020402700686333652    inf

Parameter: [1.6984e+00 1.2908e+00 6.4540e-01 8.8000e-03 8.0000e-04 4.0000e-04
 2.0040e-01 1.2000e-03 6.0000e-04 1.4330e-01 1.3000e-02 6.5000e-03
 1.0000e+00]
M       U       Mid     Sorta   Cost
0.2518127138071794      0.6312824770090868      0.11004016873740065     0.00686464044541201