Parameter: [4.25962e+01 2.47880e+00 1.23940e+00 1.20000e-03 4.00000e-04 2.00000e-04
 9.91000e-02 1.00000e-02 5.00000e-03 1.14400e-01 1.04000e-02 5.20000e-03
 1.00000e+00]
M       U       Mid     Sorta   Cost
0.7242683621197218      0.10123330171209831     0.16694124689763407     0.007557089270545825    0.7547350752942331
0.7406896092331962      0.0817749218204578      0.16990524970466525     0.00763021924168078     0.8011466300785118
0.7457970446521414      0.07705535795208297     0.1694885902294026      0.0076590071663730774   0.8127115927274139
0.7554589297625156      0.0604147556996069      0.17632464297726647     0.007801671560611012    0.8519016931759796
0.7601489496862224      0.06073491414904407     0.1712580137172936      0.007858122447439941    0.8520255621415596
0.7353211772541852      0.08603903336280096     0.17099604555424264     0.007643743828771199    0.790496222605742
0.7299585321145599      0.08853987216919045     0.1738479047559329      0.007653690960316789    0.7836529143959181
0.7520059213287363      0.07175627035963374     0.1685044123247538      0.00773339598687614     0.8257840161064853
0.7519473836658082      0.0678549829466823      0.1724153424541591      0.00778229093335045     0.8344601437854681
0.7496319055428705      0.06776814060389408     0.17486365352085556     0.007736300332379847    0.8341861101590243

Parameter: [4.33877e+01 2.65900e+00 1.32950e+00 8.00000e-04 4.00000e-04 2.00000e-04
 9.87000e-02 9.80000e-03 4.90000e-03 1.12000e-01 1.04000e-02 5.20000e-03
 1.00000e+00]
M       U       Mid     Sorta   Cost
0.7459047423232614      0.10198176124040251     0.14520346326553255     0.00691003317080352     0.7594447822632545
0.7335418974981041      0.12406258166626316     0.13561747475486574     0.006778046080767042    0.7106764605820453
0.7706550104021951      0.06917261356335302     0.15293253796074963     0.007239838073702265    0.8352694967647536
0.7594846132857554      0.08806655632088241     0.145356718962505       0.0070921114308571676   0.7921858656350966
0.7385366042413541      0.10979004448612714     0.14479016684255103     0.006883184429967687    0.7411609203817516
0.7613671466423303      0.0854178620118868      0.14612206721488308     0.007092924130899847    0.7982537216910814
0.7501666805174516      0.09853978098706268     0.14431132714883999     0.006982211346645728    0.7677883097240009
0.7660692358479695      0.08018104096651903     0.1466313624015054      0.0071183607840061      0.810502771666222
0.7893615643917063      0.0547751943711398      0.14849551668527575     0.007367724551878091    0.870221989973716
0.7626754600141963      0.07789783795760317     0.15225989787232963     0.007166804155870898    0.8146554544486219

Parameter: [4.36499e+01 2.79420e+00 1.39710e+00 1.40000e-03 4.00000e-04 2.00000e-04
 1.02200e-01 1.00000e-02 5.00000e-03 1.10800e-01 1.04000e-02 5.20000e-03
 1.00000e+00]
M       U       Mid     Sorta   Cost
0.8485215037880937      0.010097052448438316    0.13404707544113284     0.007334368322335194    0.9764807029265816
0.8440420572186897      0.018982567441027387    0.12972710070203292     0.007248274638249952    0.9560092101693808
0.8394924221722472      0.01799915441729268     0.13519922562653083     0.0073091977839293      0.9580190525278863
0.8468544649990979      0.01537603019321927     0.13051115467429092     0.007258350133391933    0.9643342927930432
0.8425590072955333      0.018032922904524445    0.13210339771783794     0.00730467208210428     0.9580918150131099
0.8452544716968827      0.01917964613118025     0.12831763026240417     0.007248251909532849    0.9556249672806294
0.8445797428357958      0.01036343788918846     0.13781443866455043     0.007242380610465282    0.9757564289116842
0.8400660691750672      0.018946421431124672    0.13371309891114086     0.0072744104826672484   0.9558879023569157
0.8315316098704038      0.02322186039853062     0.13806532308744632     0.00718120664361932     0.9456641915914674
0.8427611400309774      0.018598836627572498    0.1313987621848479      0.007241261156602258    0.9568151826609766

Parameter: [5.21291e+01 2.86620e+00 1.43310e+00 4.00000e-04 4.00000e-04 2.00000e-04
 9.94000e-02 9.80000e-03 4.90000e-03 1.14500e-01 1.04000e-02 5.20000e-03
 1.00000e+00]
M       U       Mid     Sorta   Cost
0.8317352635146615      0.0435052964804303      0.11813250324505671     0.006626936759851446    0.9005866536151517
0.8233656439303384      0.04853980162414953     0.12151993516878523     0.00657461927672684     0.8886581065145644
0.8259686492123129      0.047339545532041845    0.12009925936598526     0.006592545889659962    0.8915857063590256
0.8233903270023849      0.05179476745028328     0.11824908048386878     0.006565825063463038    0.8816369982108179
0.8375732663689741      0.037034760757310804    0.11871504071314645     0.006676932160568638    0.9153111803032574
0.8298685070113618      0.0467076589922385      0.1168273265038328      0.006596507492566864    0.8934316017165207
0.8282690188693546      0.04375397803113324     0.12137072405445691     0.006606279045055299    0.899649485881331
0.8296383700560727      0.04561927702431826     0.11815538132282355     0.006586971596785535    0.8957580612371886
0.8461089487333892      0.028292521400417683    0.11883543841281898     0.006763091453374184    0.9352871138332185
0.844813845266691       0.024987679678254066    0.12343111340418404     0.006767361650870871    0.9425439506332535

Parameter: [6.4660e-01 1.1558e+00 5.7790e-01 2.3000e-03 6.0000e-04 3.0000e-04
 6.5600e-02 5.4000e-03 2.7000e-03 9.6700e-02 1.4000e-03 7.0000e-04
 1.0000e+00]
M       U       Mid     Sorta   Cost
0.05022895247468276     0.9288973139063639      0.019485433427059516    0.0013883001918938778   0.8974004595743628
0.04989478323553621     0.9290083666289081      0.01972261174131254     0.0013742383942431935   0.8980598167603292
0.04753314251034578     0.9317214771878441      0.019425716628033156    0.001319663673776901    0.902919748236683
0.05042614445526367     0.929041106891692       0.019152987407047586    0.001379761245996744    0.8970335263666691
0.051622631168085145    0.9271389258350229      0.019819312393924947    0.0014191306029669795   0.894514387495664
0.05153135217997356     0.9278635351044323      0.01919642299739608     0.001408689718198096    0.8947689990033421
0.049635328837634635    0.9300125565771653      0.018990478259666193    0.0013616363255338389   0.8986670015285784
0.049018295234303996    0.9301004551497776      0.01951974027613758     0.0013615093397808392   0.899872624816805
0.04941131136914158     0.9304568219325378      0.01876670301426647     0.0013651636840542082   0.8991470184816615
0.049755502992573857    0.9293720982387953      0.019498085840955144    0.0013743129276757513   0.8983676837829914

Parameter: [4.8790e-01 3.8514e+00 1.9257e+00 9.0000e-04 4.0000e-04 2.0000e-04
 8.5300e-02 2.6000e-03 1.3000e-03 2.5620e-01 5.6000e-03 2.8000e-03
 1.0000e+00]
M       U       Mid     Sorta   Cost
0.29664344705836027     0.6711040708649836      0.030286039413359837    0.0019664426632962605   0.3869404125263638
0.2861280305740695      0.6836455201106456      0.02834010257242869     0.0018863467428562632   0.40990753898774224
0.31720839967054504     0.6489110007916059      0.03177629760108892     0.0021043019367601376   0.34333499664988437
0.33513596057568906     0.6294320558257317      0.03321579020651377     0.0022161933920654686   0.3051066282997782
0.30790633677015805     0.6594994639911694      0.030561139952296708    0.0020330592863758642   0.3634391347915375
0.362527771389252       0.5994914199605599      0.03558093683870621     0.002399871811481838    0.24631904508975905
0.32156869674386257     0.6433098370348002      0.03298747243937927     0.002133993781957999    0.3334524803147326
0.31634881377432006     0.6509380261448137      0.030631385819526888    0.0020817742613394447   0.3459048532061758
0.32477277405667865     0.6416483733802871      0.03143710794350161     0.002141744619532669    0.32788562229209345
0.2481714131386239      0.7247160954557372      0.025462091086248747    0.0016504003193901252   0.48982506004792936

Parameter: [4.1550e-01 1.3564e+00 6.7820e-01 6.7000e-03 1.0000e-03 5.0000e-04
 1.2690e-01 1.8000e-03 9.0000e-04 1.0900e-02 1.0200e-02 5.1000e-03
 1.0000e+00]
M       U       Mid     Sorta   Cost
0.8273734167294691      0.058538900226841675    0.09834755325026764     0.01574012979342161     0.8678449342978746
0.8349535714202485      0.047643781223099174    0.1014215011488419      0.015981146207810423    0.8920373348494469
0.809866987993123       0.07742089806786816     0.097286794888156       0.015425319050852884    0.8254886620585592
0.8229021511588999      0.06594296229642424     0.09544771137114412     0.015707175173531776    0.8516210275599636
0.8132025793402613      0.07259090595953926     0.0986609570384712      0.01554555766172823     0.836099706840877
0.8370677711431255      0.04923416969956627     0.09768669856037915     0.01601136059692912     0.8888997813707715
0.8182475197276106      0.06804878971186631     0.09808218171101066     0.015621508849512467    0.8464423489365478
0.8189684931721901      0.06738935316944905     0.09803340867742415     0.015608744980936687    0.8479409790355161
0.8413316210039661      0.043708777689519786    0.09890671982274687     0.016052881483767267    0.901227610052505
0.8294980848351471      0.05331530794484885     0.10124432740230825     0.015942279817695817    0.8792149997250088

Parameter: [8.1734e+00 4.0242e+00 2.0121e+00 3.9000e-03 4.0000e-04 2.0000e-04
 1.7010e-01 9.4000e-03 4.7000e-03 3.4970e-01 1.3200e-02 6.6000e-03
 1.0000e+00]
M       U       Mid     Sorta   Cost
0.3908242804990025      0.5408967045119645      0.06526886423884347     0.0030101507501895247   0.16107013411444795
0.4397099612557686      0.4846771540447775      0.07222827617960324     0.0033846085198505765   0.04864541277643048
0.40021369513505006     0.5297281787814557      0.06696789723338821     0.0030902288501059444   0.1392715902779468
0.3863790381405159      0.5458128172980232      0.06485498440223121     0.0029531601592296813   0.17103107930770703
0.36935321461196313     0.5649904354110424      0.06279314608286439     0.0028632038941300425   0.20938465284615815
0.4360140024412917      0.4887859230657808      0.07184384254549638     0.003356231947431107    0.05706306755545421
0.3844824508586201      0.5453470881896028      0.06721050186183596     0.0029599590899411915   0.17300443852928607
0.42795798658613055     0.4966196785838803      0.07209960527947        0.003322729550519224    0.07426276297202601
0.484228901574474       0.4352662803231134      0.07680447213895497     0.0037003459634575853   0.05324945928516465
0.387904481685989       0.5433185033622269      0.06577743427664504     0.0029995806751390852   0.16689238149355923

Parameter: [1.86735e+01 7.49400e-01 3.74700e-01 6.00000e-04 8.00000e-04 4.00000e-04
 2.46100e-01 2.80000e-03 1.40000e-03 2.82800e-01 6.00000e-03 3.00000e-03
 1.00000e+00]
M       U       Mid     Sorta   Cost
0.1871006276115278      0.5902692499355077      0.21354267384976017     0.009087448603204373    inf
0.18965192180282725     0.5867344699100366      0.21431863459866943     0.00929497368846674     inf
0.1999356922675783      0.5685299047056268      0.22196627822752635     0.009568124799268496    inf
0.20319898845750542     0.5656204306482171      0.22135118367918358     0.009829397215093932    inf
0.19209624673776685     0.5871878479191894      0.21143543742605805     0.009280467916985696    inf
0.19113112605900417     0.5878776531820321      0.21173149926925192     0.009259721489711797    inf
0.1832881345866458      0.6063332038513936      0.20156611545436767     0.008812546107592939    inf
0.1822306814225988      0.6066117369623995      0.20242130984519224     0.008736271769809512    inf
0.18735634463409953     0.591881350973126       0.21175659442836534     0.009005709964409109    inf
0.1900619005142168      0.5934953638505387      0.20724335510816064     0.009199380527083884    inf

Parameter: [1.23544e+01 2.71360e+00 1.35680e+00 3.30000e-03 4.00000e-04 2.00000e-04
 1.20200e-01 8.40000e-03 4.20000e-03 1.39600e-01 8.60000e-03 4.30000e-03
 1.00000e+00]
M       U       Mid     Sorta   Cost
0.7149696475381847      0.12001648691289622     0.15722284590176722     0.007791019647151842    0.712530587129342
0.7095197934727064      0.13017795934109935     0.1525961387218174      0.007706108464376804    0.6899409128942496
0.7155586665850832      0.12382700456866742     0.1528793203329751      0.007735008513274327    0.7049580215052634
0.7177118629943573      0.11996288121865796     0.15448507426778627     0.007840181519198491    0.7135812389058916
0.6905271710684202      0.13860872710448996     0.16320930703397926     0.00765479479311057     0.6656549851238399
0.7223644485738282      0.11268952678843056     0.15714017361918978     0.0078058510185514685   0.7301024122673168
0.7027835613992552      0.1344052762626586      0.15515195233347331     0.0076592100046128375   0.67891288030542
0.7158614253701308      0.11709225920427684     0.15922059285361365     0.00782572257197875     0.7188504922357013
0.7169300772160455      0.11775360534005408     0.1574643375750884      0.007851979868812003    0.717848550772071
0.7137678247949825      0.12236411812757364     0.15609326612528324     0.0077747909521606595   0.7073090696669935

Parameter: [1.08903e+01 8.13600e-01 4.06800e-01 4.10000e-03 1.20000e-03 6.00000e-04
 1.26900e-01 9.40000e-03 4.70000e-03 1.78100e-01 9.40000e-03 4.70000e-03
 1.00000e+00]
M       U       Mid     Sorta   Cost
0.47548106121399636     0.3363049530854896      0.17064535866715266     0.0175686270333614      0.17144432852616456
0.4707358167266275      0.34098543683747584     0.17091639567964884     0.017362350756247757    0.15984598077165538
0.4785283811867063      0.3339830077504788      0.16993678014500607     0.017551830917808875    0.17789950443070315
0.48094773505087385     0.3339124500872856      0.1676023820571772      0.017537432804663355    0.1804423478349951
0.46689432451498314     0.3486653329248687      0.1672282811787068      0.01721206138144138     0.14496669926176914
0.4868202283350651      0.31979675144759906     0.17537254638415006     0.01801047383318577     0.20706665130266544
0.4674339874873075      0.34618591737959564     0.1691567630493592      0.01722333208373769     0.14902298896872043
0.48490319799451265     0.3234202579627654      0.17381128667557047     0.01786525736715147     0.19977515045695027
0.4744837818868923      0.3413104700917274      0.16681419652264237     0.017391551498737917    0.16324374861941918
0.4824484658038718      0.3317829883310902      0.16811029381977402     0.017658252045263972    0.18504010955072758

Parameter: [2.62173e+01 9.42900e+00 4.71450e+00 1.20000e-03 2.00000e-04 1.00000e-04
 1.50400e-01 8.40000e-03 4.20000e-03 2.02500e-01 8.60000e-03 4.30000e-03
 1.00000e+00]
M       U       Mid     Sorta   Cost
0.9388989380064373      0.0030878396511139685   0.055647074658810934    0.0023661476836377843   0.9934439851506356
0.9373752325752119      0.0013931233136509989   0.05886105270280157     0.0023705914083354956   0.9970320190174455
0.9366626833604317      0.0009336176726887377   0.060017539856086155    0.002386159110793429    0.9980084868686875
0.9370203003924431      0.0024163243944546314   0.05819845234445611     0.0023649228686461535   0.9948558011669968
0.9396923198266293      0.0009621544734552401   0.05698062611026603     0.002364899589649465    0.9979542871484852
0.9366024388230427      0.0007285129788080177   0.060318339906232345    0.0023507082919169073   0.9984455586846724
0.9386473252684272      0.002429215622389797    0.0565567114131821      0.002366747696000898    0.9948373686584719
0.9394404983105482      0.0008996201889156429   0.057284956888865514    0.0023749246116706313   0.9980866068112648
0.9331239414569756      0.001477936437887378    0.06301197135730073     0.002386150747836255    0.9968372919574774
0.9419032062718797      0.0004660330307277838   0.05524500641353033     0.002385754283862153    0.9990109332705455

Parameter: [3.0275e+00 1.7438e+00 8.7190e-01 3.5000e-03 1.4000e-03 7.0000e-04
 2.1840e-01 8.4000e-03 4.2000e-03 1.1830e-01 1.1000e-02 5.5000e-03
 1.0000e+00]
M       U       Mid     Sorta   Cost
0.9287304772744539      0.01403996199721692     0.044765833076578644    0.01246372765175053     0.9702155234988841
0.914000296970734       0.02820066158525307     0.04554269235356542     0.012256349090447469    0.9401387542027696
0.9193677180811778      0.024527992737573525    0.04376533774329335     0.012338951437955333    0.9480281720608783
0.9171646922664163      0.025976859016455987    0.0446168067517721      0.012241641965355633    0.9449141881595144
0.9052555118028451      0.039705498764109545    0.042892621487826195    0.012146367945219123    0.9159637311590514
0.8963616455213415      0.048865858614606544    0.04275182320404297     0.01202067266000903     0.8966050852291357
0.9036446012487743      0.04148303147190495     0.04279351329020303     0.012078853989117698    0.9122170804540116
0.9142365440987604      0.028126073831638825    0.04535534127431988     0.012282040795280863    0.940307322687717
0.9102752958854269      0.0325267942985716      0.04497559692584808     0.012222312890153436    0.9309997407998456
0.9137167014812309      0.030390139321549374    0.04359972259418234     0.01229343660303743     0.9356213979008808

Parameter: [7.144e-01 3.076e-01 1.538e-01 2.280e-02 1.600e-03 8.000e-04 1.139e-01
 4.200e-03 2.100e-03 6.900e-02 4.800e-03 2.400e-03 1.000e+00]
M       U       Mid     Sorta   Cost
0.1559277083661287      0.613908174146986       0.20973684027532885     0.020427277211556516    inf
0.15627910201688017     0.6126858009297134      0.21060183482638528     0.020433262227021243    inf
0.15538126887556947     0.6118676220137093      0.21235951320448912     0.020391595906232157    inf
0.15462043213870477     0.6138196397173769      0.21123427084472343     0.020325657299194916    inf
0.15299433570757714     0.616328834225399       0.21055327245542324     0.020123557611600645    inf
0.15785715691399915     0.6094158033513455      0.21210373992686168     0.020623299807793677    inf
0.15525630253896627     0.6131705515893858      0.21123801463205127     0.020335131239596627    inf
0.15556397454223048     0.6122034482350918      0.21178677034893809     0.020445806873739675    inf
0.15227424720812135     0.6189885357321201      0.20869943780954076     0.020037779250217824    inf
0.15775702823367888     0.6108356389958948      0.21069838324258378     0.02070894952784258     inf

Parameter: [1.6984e+00 1.2908e+00 6.4540e-01 8.8000e-03 8.0000e-04 4.0000e-04
 2.0040e-01 1.2000e-03 6.0000e-04 1.4330e-01 1.3000e-02 6.5000e-03
 1.0000e+00]
M       U       Mid     Sorta   Cost
0.267582154866913       0.6091143586187057      0.11600938937485915     0.007294097139522129    0.3895671974260625
0.26404739871786004     0.6150654063675168      0.11371426692740004     0.007172927987223146    0.3992866508360857
0.24340151293405515     0.6414484519575369      0.10850584708978568     0.006644188018622252    0.4498468156375513
0.24410406798796128     0.6390657639936952      0.11013469679594516     0.0066954712223984      0.4472092248888517
0.23896014084216488     0.6514442164903993      0.10310832962213855     0.006487313045297274    0.4632547811018545
0.26259466906743784     0.6129996670760525      0.11722284222590802     0.0071828216306016185   0.40019102858974076
0.2506606427541078      0.6323313696504054      0.11019991793845337     0.0068080696570334415   0.43224708891414965
0.2560601671277056      0.6267856551941128      0.11020304785042156     0.0069511298277600275   0.4199209858539365
0.25343448637606175     0.6288568047641128      0.11077207778239728     0.006936631077428146    0.4255083577929203
0.24919504608152815     0.632749041187686       0.11126599730431176     0.006789915426473989    0.4348960445936724

Parameter: [2.9090e+00 8.1316e+00 4.0658e+00 2.3000e-03 2.0000e-04 1.0000e-04
 2.2820e-01 2.8000e-03 1.4000e-03 3.3350e-01 9.8000e-03 4.9000e-03
 1.0000e+00]
M       U       Mid     Sorta   Cost
0.8996819662364919      0.009061460273152733    0.08820702768753842     0.0030495458028169664   0.9800571646323617
0.9010598753632728      0.005076981052034302    0.09078279963152606     0.0030803439531668225   0.9887942290039521
0.9104552612375495      0.0031847253046895386   0.0832958985631993      0.0030641148945616675   0.9930284896642004
0.8999354081571664      0.0060214908532989385   0.09097742270396447     0.003065678285570153    0.986706893319371
0.9005444203931059      0.006869600226212812    0.08951057106457706     0.003075408316104228    0.9848589506661485
0.8976641710409751      0.008059386181756077    0.09121434254748402     0.003062100229784828    0.9822034303568983
0.8908821233939166      0.012165160557917465    0.09388786723151342     0.0030648488166525184   0.9730575335885372
0.9068309679734107      0.0015855701453553004   0.08849552309888466     0.0030879387823493643   0.9965091561440771
0.8998706537549489      0.0016864471962366818   0.09535932683621763     0.00308357221259678     0.9962588122383876
0.891185211993614       0.0096459645876005      0.09609548965251506     0.0030733337662704335   0.9785843011690418

Parameter: [3.7123e+00 1.2618e+00 6.3090e-01 1.5000e-03 1.2000e-03 6.0000e-04
 9.9700e-02 4.4000e-03 2.2000e-03 2.1190e-01 9.0000e-03 4.5000e-03
 1.0000e+00]
M       U       Mid     Sorta   Cost
0.219297026207152       0.7468274507379414      0.029304414707168637    0.004571108347737961    0.5460273878981434
0.2496798720939755      0.711917310899802       0.03322059992198714     0.005182217084235358    0.4806975800061362
0.2288145523604642      0.7362920947546088      0.030145394281823473    0.004747958603103536    0.5258253519557785
0.2521193934023763      0.7092080832406276      0.03344160479279697     0.005230918564199147    0.4754765685408517
0.23972878090798475     0.7229888036889308      0.03229974560919335     0.004982669793891059    0.5019748579572111
0.2342632799758633      0.7308456829201078      0.030038904397885507    0.004852132706143458    0.5145350649880671
0.22684955646670085     0.7378847424813392      0.03057197611926052     0.004693724932699511    0.5297159918247731
0.2324731361132454      0.7315922693793344      0.03111473183898748     0.0048198626684327235   0.5177233104957946
0.24846400469625604     0.7132025961329443      0.033171705364000596    0.005161693806798991    0.4832637330192873
0.22249521676580078     0.7438197967516876      0.029110399609981148    0.0045745868725304666   0.5394975475835883

Parameter: [2.7732e+00 3.6226e+00 1.8113e+00 3.2000e-03 6.0000e-04 3.0000e-04
 1.6020e-01 7.4000e-03 3.7000e-03 4.1600e-02 1.4000e-02 7.0000e-03
 1.0000e+00]
M       U       Mid     Sorta   Cost
0.8816222918256484      0.06550716886204104     0.047089802102901736    0.005780737209408783    0.8616721967143167
0.9146595223808827      0.0298615429565367      0.04949168974192017     0.005987244920660467    0.9367689211973923
0.9068669087873639      0.03526153479789655     0.05188576473476295     0.005985791679976628    0.9251449522875902
0.8985859844535273      0.04467488897936994     0.05082584667830473     0.005913279888797994    0.9052756448663444
0.8361404374710246      0.11196089497120328     0.046396962344786234    0.005501705212985868    0.763820825601412
0.8778791831323329      0.06708167574860065     0.04926528680690919     0.0057738543121572325   0.858022318875637
0.8889585018712001      0.05529718619124158     0.04992817429765519     0.005816137639903157    0.8828766680670821
0.8645821034665332      0.08079909912069082     0.048925381395625425    0.0056934160171505654   0.8290655686836844
0.9042169210265958      0.03862515402756291     0.05120448861475738     0.005953436331083917    0.918066545714256
0.894550468910069       0.049420399285091524    0.05015651365192186     0.005872618152917668    0.895292532957968

Parameter: [8.4511e+00 1.4672e+00 7.3360e-01 2.2000e-03 8.0000e-04 4.0000e-04
 1.0610e-01 6.6000e-03 3.3000e-03 3.0320e-01 7.6000e-03 3.8000e-03
 1.0000e+00]
M       U       Mid     Sorta   Cost
0.24602308225793096     0.6823762250355475      0.06653976965956672     0.0050609230469547545   0.4700058900837589
0.21501065152079746     0.7224324723233565      0.05814990100849278     0.004406975147353262    0.541282780678773
0.23214575198510742     0.701010445533415       0.062061688524929874    0.004782113956547714    0.5024503880434239
0.26087234964085554     0.6665478096496562      0.06721240196141007     0.005367438748078129    0.4374235948452399
0.26753583203634484     0.6573133304085503      0.069666122249824       0.005484715305280871    0.4214498041408233
0.22685108363729303     0.7084440121969733      0.06008337253732013     0.004621531628413583    0.5149101398100544
0.2564958886095225      0.6713247208831744      0.06691259402687622     0.0052667964804268275   0.4471002562666368
0.23787076875347424     0.6940247942911224      0.06322360894450743     0.004880828010895927    0.48949050046696974
0.23718520666484064     0.6942982544081333      0.06363903385314396     0.004877505073882071    0.4907366226521564
0.24839624547006972     0.6802344623514264      0.06626307032402416     0.0051062218544798005   0.46502685431803076

Parameter: [1.2526e+00 1.2592e+00 6.2960e-01 2.5000e-03 1.2000e-03 6.0000e-04
 2.9100e-02 1.4000e-03 7.0000e-04 6.1500e-02 1.2200e-02 6.1000e-03
 1.0000e+00]
M       U       Mid     Sorta   Cost
0.26113350201819874     0.7017476409071975      0.031936941755961505    0.005181915318642212    0.4575997173964154
0.3053819107371087      0.6514975903532227      0.03706882495885568     0.006051673950812832    0.36171292124214915
0.32102655236678557     0.6341313010135273      0.03849154334602056     0.006350603273666544    0.32780419230042557
0.2412998264438198      0.7243916835143248      0.02953386972946849     0.004774620312386943    0.5002548454541589
0.2502011717056734      0.7149887459139496      0.02985938218105146     0.004950700199325624    0.48155038270037837
0.25802083764406986     0.7050108379818486      0.03185873498022172     0.005109589393859873    0.4641488038773589
0.2573317377171753      0.706354754739077       0.03122525047278367     0.005088257070963956    0.46594304323746205
0.29148460558623035     0.6668200884510733      0.035916635625356484    0.005778670337339843    0.3916661216419257
0.27314203858133507     0.687437210358471       0.03400496835896064     0.005415782701233295    0.4312972326170846
0.2942715422134799      0.663781805831671       0.03609950152760386     0.005847150427245283    0.38568860948312966

Parameter: [4.13181e+01 9.65880e+00 4.82940e+00 7.00000e-04 2.00000e-04 1.00000e-04
 1.89000e-01 4.20000e-03 2.10000e-03 8.30000e-02 9.00000e-03 4.50000e-03
 1.00000e+00]
M       U       Mid     Sorta   Cost
0.9496425203803408      0.00039330661370451386  0.047798662250253386    0.0021655107557012956   0.9991720173018128
0.9483250997313634      0.0006297557112534291   0.04888507700258864     0.002160067554794573    0.9986727383128048
0.951701994947558       0.0002726538729706132   0.045868035658587936    0.0021573155208834266   0.9994271824920792
0.9458008898545949      0.0010357280709182239   0.050995094553328714    0.002168287521158191    0.9978122348643688
0.9488362899325608      0.00030099350118642634  0.04870676137514694     0.002155955191105882    0.9993657534975394
0.9526584129998557      0.0006051052372110025   0.04457917071595829     0.002157311046975058    0.9987304554813341
0.9491459088758206      0.0003997614274489217   0.04829451435532654     0.0021598153414039145   0.9991579943125406
0.950187736086606       0.0007095422003003431   0.046943586787572884    0.0021591349255207642   0.9985076364892354
0.9464561301666348      0.0007353236775922638   0.05065558476085512     0.0021529613949178503   0.9984473599828042
0.9484853886647412      0.0005577977910294589   0.048777737416513395    0.002179076127715958    0.9988245049350966

Parameter: [3.86428e+01 7.37400e+00 3.68700e+00 2.20000e-03 2.00000e-04 1.00000e-04
 1.39200e-01 9.00000e-03 4.50000e-03 8.95000e-02 1.32000e-02 6.60000e-03
 1.00000e+00]
M       U       Mid     Sorta   Cost
0.9053688760187897      0.0047798267131148      0.08675912692129237     0.003092170346803147    0.9894966027007066
0.9007334746829989      0.005910422809670347    0.09027408373203903     0.0030820187752917116   0.9869619752010339
0.895448706744528       0.004595571409490859    0.09683221570904256     0.003123506136938542    0.9897881214934974
0.901007941233847       0.004424546594971045    0.09147460924977155     0.0030929029214104287   0.9902266670249907
0.9002557092119491      0.0065699293581750065   0.09008435759903823     0.0030900038308376843   0.9855100493882497
0.9120837634361905      0.0031885769223497385   0.0816079726140921      0.0031196870273677013   0.993032506759462
0.8991370135100245      0.003596959837672116    0.09419156800154102     0.003074458650762363    0.992030963841245
0.9065617689429347      0.0034288956901735164   0.08692211489233648     0.0030872204745552856   0.9924638882058072
0.9057994724308533      0.005032188361761562    0.0860868061589059      0.0030815330484791903   0.9889503437827744
0.9004776901785464      0.00622007493937889     0.09020570628392835     0.003096528598146367    0.9862797170596975

Parameter: [6.72401e+01 9.29900e+00 4.64950e+00 2.00000e-04 2.00000e-04 1.00000e-04
 1.83800e-01 1.00000e-03 5.00000e-04 3.19300e-01 1.00000e-02 5.00000e-03
 1.00000e+00]
M       U       Mid     Sorta   Cost
0.9334486133712271      0.0005698166164319874   0.06372556831843534     0.0022560016939055794   0.9987798600153115
0.9323352300680363      0.0006905250153277636   0.0646957932677345      0.0022784516489014195   0.9985198157466382
0.934168509064519       0.0004315027234974416   0.06312146661803125     0.0022785215939523235   0.9990766044980635
0.9353301936024875      0.0021606238511853483   0.060241444817824695    0.0022677377285024794   0.9953906239699418
0.9365348152756882      0.0005734929089881039   0.06062267068455328     0.00226902113077046     0.998776037083485
0.9286648716583795      0.0009342919600481093   0.06811871539154746     0.002282120990024908    0.9979899036130553
0.9285455341881397      0.0013910433069211417   0.06779760164634367     0.002265820858595516    0.9970083049950176
0.9321353467323267      0.000549288529179049    0.0650484243083609      0.0022669404301333823   0.9988221344956004
0.9330711438166135      0.0010073985819152782   0.06366623168912133     0.0022552259123499035   0.9978430109756543
0.9335560236353027      0.0008929495825260512   0.06329477150615999     0.0022562552760113097   0.998088821095386

Parameter: [7.9413e+00 1.2194e+00 6.0970e-01 4.0000e-03 1.0000e-03 5.0000e-04
 7.2400e-02 8.4000e-03 4.2000e-03 2.2380e-01 1.0600e-02 5.3000e-03
 1.0000e+00]
M       U       Mid     Sorta   Cost
0.31831826914367367     0.5936003332345301      0.0803968254242096      0.007684572197586628    0.30187131107200244
0.3171467320758092      0.597019626720319       0.07829353387354983     0.007540107330321885    0.3061509450129803
0.30620195959532465     0.6080653386116218      0.07835828103028249     0.007374420762770992    0.33016972127113065
0.339125001178847       0.5687556716362195      0.08401917499988623     0.00810015218504731     0.25293045367444217
0.2881787713985507      0.6315428968472996      0.07337646964531773     0.006901862108832049    0.37333482215726643
0.3095986968342208      0.6046265304100292      0.07837848146690249     0.007396291288847473    0.32270804259592695
0.3253944774227365      0.5847325218818417      0.08204715880500561     0.0078258418904162      0.28494709491891085
0.315253540357964       0.597521880785445       0.0796738837887686      0.007550695067822466    0.3092418287007456
0.2927009826998062      0.624459028303627       0.07584178758979127     0.006998201406775595    0.36172319074493414
0.32978208243833346     0.5782307094040339      0.08405474272897767     0.007932465428654945    0.27361798115376285

Parameter: [3.9371e+00 2.9220e+00 1.4610e+00 1.9000e-03 6.0000e-04 3.0000e-04
 1.2290e-01 7.4000e-03 3.7000e-03 6.4200e-02 1.1200e-02 5.6000e-03
 1.0000e+00]
M       U       Mid     Sorta   Cost
0.2807471741340917      0.6937776319331735      0.023078708028614635    0.0023964859041201506   0.42382754674648365
0.38862479529221844     0.5758248721852341      0.032236513437887554    0.0033138190846599136   0.194100411048555
0.47307625470595255     0.48306562808968534     0.03983013719809545     0.004027980006266606    0.010447584781586106
0.4161772616653156      0.5455978802082178      0.03466501358058304     0.003559844545883546    0.13456432060698867
0.29916819131413275     0.67324420663221        0.025024145627050867    0.0025634564266064225   0.38468865278568626
0.3537473929575927      0.6143860096902061      0.028862153436486866    0.0030044439157143436   0.2692176677509309
0.37029618341026627     0.5946096793872822      0.03191265854968471     0.00318147865276687     0.23247189661244724
0.36367923179275197     0.6024455070037283      0.030762400951027138    0.003112860252492553    0.2471381444060857
0.37042180640867167     0.5939184882268442      0.0324804819298669      0.0031792234346171427   0.231761218587932
0.5063538397049383      0.44565746033932085     0.04364943797738271     0.004339261978358135    0.06375594424435473

Parameter: [1.38392e+01 1.36820e+00 6.84100e-01 5.00000e-04 8.00000e-04 4.00000e-04
 2.33000e-02 9.40000e-03 4.70000e-03 2.96700e-01 4.40000e-03 2.20000e-03
 1.00000e+00]
M       U       Mid     Sorta   Cost
0.4692696990643794      0.43007031696133946     0.09168447795299188     0.008975506021289228    0.043586831903984706
0.5223406430354585      0.3653645536778575      0.10227632834434787     0.010018474942336195    0.17683358162011117
0.5324294359285452      0.3516612172016935      0.10566308263610351     0.010246264233657779    0.20446796726876154
0.45026707242719066     0.45100619870721215     0.09011695675869283     0.008609772106904362    0.0008200912017408117
0.48454415485756047     0.4088821090845905      0.09731209179618809     0.009261644261660998    0.08468751012435993
0.510281462042536       0.38123567243007045     0.09875348568820089     0.00972937983919267     0.14474852431053384
0.4622140217671247      0.43709640080553086     0.09182518733336346     0.008864390093981003    0.02792986751976024
0.4340241244193783      0.47186396767085065     0.08580544302709944     0.008306464882671588    0.04177099090038968
0.5177155470459543      0.3723260504494071      0.10013802382365987     0.009820378680978695    0.16335135010058333
0.5027957630354631      0.38627483472901764     0.10130771819128159     0.009621684044237633    0.1310592528865885

Parameter: [3.18128e+01 5.86640e+00 2.93320e+00 1.00000e-04 2.00000e-04 1.00000e-04
 2.24200e-01 3.40000e-03 1.70000e-03 1.08000e-01 1.10000e-02 5.50000e-03
 1.00000e+00]
M       U       Mid     Sorta   Cost
0.0002955057222389267   0.9996177681590107      8.520588980417309e-05   1.5202289462067455e-06  0.9994089372949478
0.0009854570033680553   0.9987802018414256      0.00022911749126820584  5.223663938168713e-06   0.9980286240187392
0.0001659647315627327   0.999789309904054       4.386891508752383e-05   8.564492957451871e-07   0.9996680556905444
0.00025053223113571737  0.999650202529458       9.794462421051376e-05   1.320615195773861e-06   0.9994988857945071
0.0002990530663423765   0.9996141714548816      8.52332084892182e-05    1.5422702867840226e-06  0.9994018419618651
0.0006528982100366531   0.9991937927313143      0.0001500410174769071   3.2680411721688473e-06  0.998694003358811
0.0007994008934178372   0.9989874463919249      0.00020906184613101288  4.090868526259155e-06   0.9984008573515678
0.0003376324974895824   0.9995764501398544      8.421448378386876e-05   1.702878872082971e-06   0.9993246769830482
0.00032038057071072785  0.9995581122031371      0.00011963077398993442  1.8764521622943351e-06  0.9993591609920083
0.0006929281002877011   0.9991177034623399      0.0001857756668795938   3.5927704929008338e-06  0.9986138813122948

Parameter: [1.04894e+01 7.07760e+00 3.53880e+00 1.20000e-03 2.00000e-04 1.00000e-04
 1.33300e-01 2.80000e-03 1.40000e-03 1.73200e-01 1.14000e-02 5.70000e-03
 1.00000e+00]
M       U       Mid     Sorta   Cost
0.778484091516897       0.11579920934864006     0.1027293024454725      0.0029873966889904235   0.7410234335437927
0.6197505651671195      0.2920028115634351      0.08584469027816681     0.002401932991278624    0.35946974474495624
0.7424232568017658      0.14711162182815396     0.1075970520381475      0.002868069331932746    0.6692392274606739
0.7500365836238018      0.14595338451561352     0.10112326928375084     0.0028867625768338734   0.6742075476164188
0.6354336043632819      0.27497043864205356     0.08714457538403926     0.002451381610625289    0.3959375713351438
0.7419269717128315      0.14522795014927958     0.10995614850113826     0.0028889296367506506   0.6725984457270426
0.6176904376163834      0.29554790925031127     0.08438090367096045     0.0023807494623448583   0.35274748314209287
0.7370802485143844      0.15659503825507085     0.10346645039768525     0.0028582628328595455   0.6495482406789028
0.6994608321449832      0.19870120878407938     0.09911110814032142     0.002726850930615976    0.5575381730037444
0.718966539550449       0.17676441168703722     0.10151038908691354     0.002758659675600267    0.6053180668975867

Parameter: [3.04082e+01 1.41520e+00 7.07600e-01 1.00000e-03 4.00000e-04 2.00000e-04
 5.20000e-03 7.60000e-03 3.80000e-03 2.20000e-03 8.60000e-03 4.30000e-03
 1.00000e+00]
M       U       Mid     Sorta   Cost
0.2125767424652164      0.6378966732827177      0.14542516748626091     0.004101416765804972    0.5000978548441294
0.2071664684539641      0.6491456823620227      0.13967989382531334     0.004007955358699772    0.5161426396751383
0.20504682405415922     0.648941564208415       0.14203719108559287     0.003974420651832955    0.5197901356215775
0.2185217944970746      0.6328788995752084      0.14442186343098007     0.004177442496737016    0.4866769641638974
0.2087006349351506      0.6444042149233263      0.1428369930566869      0.0040581570848362      0.5107268820010289
0.22878674769787846     0.6174711065152425      0.14933719034031295     0.004404955446566106    0.4592977859907438
0.22291261937485618     0.6241152226475464      0.14865662383627298     0.004315534141324462    0.47365928647015954
0.21307263327594111     0.6337986150272585      0.148990344757184       0.004138406939616285    0.4968004080836237
0.22951671380381305     0.6160920099600325      0.14999059343472435     0.004400682801430106    0.4571562299352282
0.2266294932437903      0.6147641987533329      0.1541854283014711      0.004420879701405672    0.4612997568216492
